-- PCA-joint --
      190       380       760      1521      3041      6083     12165     24330     48660     97321 
 0.000078  0.000156  0.000313  0.000625  0.001250  0.002500  0.005000  0.010000  0.020000  0.040000 
 0.494944  0.519329  0.566903  0.578546  0.578546  0.578546  0.578546  0.578546  0.578546  0.578546 

-- PCA-sep --
     3041      6083     12165     24330     48660     97321    194642    389284    778568   1557135   2433024 
 0.001250  0.002500  0.005000  0.010000  0.020000  0.040000  0.080000  0.160000  0.320000  0.640000  1.000000 
 0.510229  0.543665  0.559099  0.570052  0.577119  0.578548  0.578548  0.578548  0.578548  0.578548  0.578548 

-- Random --
     3041      6083     12165     24330     48660     97321    194642    389284    778568   1557135   2433024 
 0.001250  0.002500  0.005000  0.010000  0.020000  0.040000  0.080000  0.160000  0.320000  0.640000  1.000000 
 0.446784  0.473019  0.505722  0.534434  0.557318  0.563524  0.579592  0.577746  0.577349  0.581466  0.578548 